Resp charges for organic molecule
 
 &cntrl
 
 nmol = 1,
 ihfree = 1,
 ioutopt = 1,
 iqopt = 2,
 qwt = 0.00100,
 
 &end
    1.0
Resp charges for organic molecule
    1  132
    1    0
    6    0
    1    1
    1    1
    6  -99
    8  -99
    7  -99
    1  -99
    6  -99
    1  -99
    6    0
    1    0
    1   12
    6  -99
    7  -99
    1  -99
    6  -99
    1  -99
    7  -99
    6  -99
    1  -99
    6  -99
    8  -99
    7  -99
    1  -99
    6    0
    1    0
    1   27
    6  -99
    8  -99
    7  -99
    1  -99
    6    0
    1    0
    1   34
    6  -99
    8  -99
    7  -99
    1  -99
    6    0
    1    0
    1   41
    6  -99
    8  -99
    7  -99
    1  -99
    6    0
    1    0
    1   48
    6  -99
    8  -99
    7  -99
    1  -99
    6  -99
    1  -99
    6    0
    1    0
    1   57
    6  -99
    7  -99
    1  -99
    6  -99
    1  -99
    7  -99
    6  -99
    1  -99
    6  -99
    8  -99
    7  -99
    1  -99
    6    0
    1    0
    1   72
    1   72
    1    0
    6    0
    1   75
    1   75
    6  -99
    8  -99
    7  -99
    1  -99
    6  -99
    1  -99
    6    0
    1    0
    1   86
    6  -99
    7  -99
    1  -99
    6  -99
    1  -99
    7  -99
    6  -99
    1  -99
    6  -99
    8  -99
    7  -99
    1  -99
    6    0
    1    0
    1  101
    1  101
    1    0
    6    0
    1  104
    1  104
    6  -99
    8  -99
    7  -99
    1  -99
    6  -99
    1  -99
    6  -99
    1  -99
    6    0
    1    0
    1  117
    1  117
    6    0
    1    0
    1  121
    6    0
    1    0
    1  124
    1  124
    6  -99
    8  -99
    8  -99
   26  -99
    8  -99
    1  -99
    6   0.00000
    1    1    1    2    1    3    1    4    1    5    1    6 
    7   0.00000
    1   24    1   25    1   26    1   27    1   28    1   29    1   30 
    7   0.00000
    1   31    1   32    1   33    1   34    1   35    1   36    1   37 
    7   0.00000
    1   38    1   39    1   40    1   41    1   42    1   43    1   44 
    7   0.00000
    1   45    1   46    1   47    1   48    1   49    1   50    1   51 
    6   0.00000
    1   69    1   70    1   71    1   72    1   73    1   74 
    6   0.00000
    1   75    1   76    1   77    1   78    1   79    1   80 
    6   0.00000
    1   98    1   99    1  100    1  101    1  102    1  103 
    6   0.00000
    1  104    1  105    1  106    1  107    1  108    1  109 
    1  -0.41570
    1    7
    1   0.01880
    1    9
    1   0.59730
    1   22
    1  -0.56790
    1   23
    1  -0.41570
    1   52
    1   0.01880
    1   54
    1   0.59730
    1   67
    1  -0.56790
    1   68
    1  -0.41570
    1   81
    1   0.01880
    1   83
    1   0.59730
    1   96
    1  -0.56790
    1   97




