Run semi-empirical minimization
 &qmmm
    qm_theory='AM1', grms_tol=0.0005,
 scfconv=1.d-10, ndiis_attempts=700,   qmcharge=-1,
 /
   8    O1       -7.4490        0.5300        0.0990 
   8    O2       -6.1630        0.0350       -1.6580 
   6    C1       -1.3510        1.6100       -0.5120 
   6    C2       -0.1460        2.0750        0.3090 
   6    C3       -2.6540        1.5480        0.2890 
   6    C4        1.1560        2.1210       -0.4910 
   6    C5       -3.8510        1.0580       -0.5290 
   6    C6        2.3660        2.5570        0.3480 
   6    C7       -5.1510        0.9940        0.2660 
   6    C8        2.3640       -2.5050       -0.2680 
   6    C9        1.0860       -2.9170        0.4650 
   6   C10        3.6340        2.6250       -0.4620 
   6   C11        3.4810       -2.0470        0.6810 
   6   C12       -0.0310       -3.3710       -0.4760 
   6   C13        4.7260        1.8870       -0.3540 
   6   C14        5.0070        0.7700        0.6240 
   6   C15        4.7400       -1.6760       -0.0570 
   6   C16       -6.3850        0.4640       -0.5220 
   6   C17        5.3690       -0.5130       -0.0890 
   6   C18       -1.3060       -3.7780        0.2620 
   1    H1       -1.4840        2.2750       -1.3630 
   1    H2       -1.1400        0.6260       -0.9290 
   1    H3       -0.3500        3.0630        0.7220 
   1    H4       -0.0170        1.4120        1.1640 
   1    H5       -2.5100        0.8930        1.1500 
   1    H6       -2.8680        2.5360        0.6970 
   1    H7        1.0400        2.8000       -1.3340 
   1    H8        1.3580        1.1410       -0.9170 
   1    H9       -3.6410        0.0740       -0.9370 
   1   H10       -3.9930        1.7060       -1.3910 
   1   H11        2.4770        1.8850        1.1920 
   1   H12        2.1670        3.5420        0.7680 
   1   H13       -5.4050        1.9760        0.6630 
   1   H14       -5.0240        0.3510        1.1390 
   1   H15        2.1420       -1.7010       -0.9650 
   1   H16        2.7230       -3.3400       -0.8680 
   1   H17        1.3150       -3.7180        1.1660 
   1   H18        0.7290       -2.0800        1.0630 
   1   H19        3.6240        3.3730       -1.2420 
   1   H20        3.1220       -1.2210        1.2840 
   1   H21        3.7060       -2.8570        1.3750 
   1   H22        0.3240       -4.2080       -1.0770 
   1   H23       -0.2610       -2.5700       -1.1740 
   1   H24        5.5300        2.0840       -1.0490 
   1   H25        4.1730        0.6210        1.2920 
   1   H26        5.8530        1.0620        1.2470 
   1   H27        5.1620       -2.4770       -0.6470 
   1   H28        6.2550       -0.4460       -0.7030 
   1   H29       -1.1170       -4.6010        0.9460 
   1   H30       -2.0780       -4.0910       -0.4320 
   1   H31       -1.7040       -2.9500        0.8400 

